Queyry 3:
Number of executions: 3 
Results: [
(datetime.datetime(2022, 6, 1, 0, 0), (6.315157336730177, 22.466305309343248)), 
(datetime.datetime(2022, 3, 1, 0, 0), (6.480485434052824, 20.65227817417907)), 
(datetime.datetime(2022, 5, 1, 0, 0), (6.249697852127242, 21.9215703489091)), 
(datetime.datetime(2022, 5, 16, 0, 0), (7.906694182348757, 22.771948777963715)), 
(datetime.datetime(2022, 4, 1, 0, 0), (5.679323077938295, 21.515559094583587)), 
(datetime.datetime(2022, 4, 16, 0, 0), (5.800344707645977, 21.428088376232783)), 
(datetime.datetime(2022, 3, 16, 0, 0), (5.5569449358506535, 21.120920554171548)), 
(datetime.datetime(2002, 10, 16, 0, 0), (7.299855072463768, 29.30449275362321)), 
(datetime.datetime(2022, 6, 16, 0, 0), (6.173665478162396, 22.322209933302126)), 
(datetime.datetime(2022, 2, 16, 0, 0), (5.849460516243601, 20.18769180439039)), 
(datetime.datetime(2022, 2, 1, 0, 0), (6.24888833846387, 19.491979067238603)), 
(datetime.datetime(2022, 1, 16, 0, 0), (5.097880367275346, 19.14882164234129))]
(datetime.datetime(2022, 1, 1, 0, 0), (5.576410377852007, 19.903702637879007)), 
Average Time:418.65565824508667